54,3
54,2
54,1
54,0
53,11
53,10
53,4
53,9
53,8
53,7
53,6
53,5
53,3
53,2
53,1
53,0
52,6
52,5
52,4
52,3
52,2
52,1
52,0
51,5
51,4
51,3
51,2
51,1
51,0
50,5
50,4
50,3
50,2
50,1
50,0
49,5
49,4
49,3
49,2
49,1
49,0
48,5
48,4
48,3
48,2
48,1
48,0
47,6
47,5
47,4
47,3
47,2
47,1
47,0
46,5
46,4
46,3
46,2
46,1
46,0
45,6
45,5
45,4
45,3
45,2
45,1
45,0
44,7
44,6
44,5
44,4
44,3
44,2
44,1
44,0
43,35
43,24
43,34
43,20
43,33
43,32
43,31
43,22
43,30
43,21
43,29
43,12
43,28
43,27
43,16
43,26
43,25
43,18
43,11
43,23
43,15
43,4
43,19
43,17
43,5
43,14
43,6
43,13
43,7
43,10
43,9
43,8
2,8
43,3
43,2
43,1
43,0
42,17
42,16
42,15
42,14
42,13
42,12
42,11
42,10
42,9
42,8
42,7
42,6
42,5
42,4
42,3
42,2
42,1
42,0
41,4
41,3
41,2
41,1
41,0
40,23
40,22
40,14
40,21
40,16
40,20
40,19
40,18
40,13
40,17
40,11
40,15
40,4
40,12
40,10
40,5
40,9
40,8
40,7
40,6
40,3
40,2
40,1
40,0
39,7
39,6
39,5
39,4
39,3
39,2
39,1
39,0
38,3
38,2
38,1
38,0
37,42
37,41
37,40
37,39
37,38
37,37
37,4
37,36
37,35
37,34
37,33
37,32
37,5
37,31
37,30
37,29
37,28
37,27
37,26
37,25
37,24
37,23
37,22
37,21
37,20
37,19
37,18
37,17
37,16
37,15
37,14
37,13
37,12
37,11
37,10
37,9
37,8
37,7
37,6
37,3
37,2
37,1
37,0
0,488
36,365
36,364
36,505
36,504
36,192
36,232
36,423
36,430
36,422
36,503
36,502
36,501
36,363
36,429
36,512
36,233
0,487
36,500
36,229
36,499
36,428
36,415
36,498
36,427
36,425
36,497
36,361
36,496
36,426
36,398
0,486
36,495
36,494
36,424
36,493
36,407
36,362
36,349
36,492
0,485
36,491
36,34
36,360
36,359
36,490
36,358
36,357
36,489
36,488
36,487
36,356
36,486
36,395
36,485
36,355
36,354
36,484
36,353
36,352
36,351
36,350
36,348
0,484
36,483
36,421
36,420
36,482
36,419
36,387
36,225
36,418
36,221
36,224
36,481
36,347
36,480
36,417
36,35
0,483
36,479
36,416
36,478
36,477
36,80
36,346
36,253
36,414
36,476
36,236
36,475
36,413
36,474
36,412
36,82
36,473
0,482
36,344
36,345
36,472
36,471
36,411
36,207
36,470
36,469
36,343
36,410
0,481
36,468
36,409
36,81
36,408
36,227
36,467
36,199
36,466
36,406
36,217
36,465
36,342
36,464
0,480
36,405
36,9
36,463
36,462
36,404
36,228
36,403
36,216
36,461
36,341
36,460
36,402
36,223
0,479
36,459
36,458
36,340
36,401
36,219
36,457
36,400
36,249
36,456
0,478
36,399
36,248
36,455
36,250
36,454
36,339
36,397
36,396
36,10
36,211
36,84
36,453
36,452
0,477
36,451
36,337
36,450
36,338
36,449
36,448
36,394
36,205
36,393
0,476
36,319
36,392
36,336
36,391
36,390
36,210
36,318
36,389
36,74
36,317
36,388
36,209
36,198
36,386
36,213
36,385
36,56
36,316
36,194
36,255
36,208
36,335
36,315
0,475
36,254
36,212
36,314
36,313
36,312
36,334
36,252
36,241
36,251
36,215
36,311
36,66
0,474
36,310
36,309
36,333
36,308
36,197
36,307
0,473
36,306
36,332
36,305
36,77
36,78
36,304
36,303
36,302
0,472
36,331
36,247
36,203
36,301
36,300
36,246
36,214
36,299
36,245
36,23
36,384
36,330
36,298
36,200
0,471
36,297
36,296
36,295
36,244
36,329
36,294
36,204
36,293
0,470
36,292
36,328
36,291
36,290
36,243
36,242
36,201
36,71
36,289
0,469
36,288
36,327
36,287
36,286
36,240
36,47
36,285
36,326
0,468
36,284
36,283
36,239
36,45
36,282
36,238
36,202
36,325
36,281
36,237
0,467
36,280
36,51
36,279
36,278
36,323
36,324
36,277
36,276
0,466
36,235
36,193
36,275
36,234
36,322
36,274
36,41
36,231
36,25
36,273
36,230
36,195
36,272
36,271
0,465
36,321
36,270
36,269
36,206
36,43
36,268
36,320
36,267
0,464
36,266
36,265
36,264
36,101
36,263
0,463
36,262
36,261
36,100
36,260
36,259
0,462
36,226
36,258
36,15
36,222
36,68
36,99
36,257
36,220
36,16
36,218
36,256
36,61
36,75
36,191
36,190
36,98
36,55
36,189
0,461
36,188
36,187
36,97
36,186
36,196
0,460
36,185
36,184
36,96
36,183
36,26
36,59
36,182
0,459
36,181
36,95
36,180
36,179
36,178
0,458
36,76
36,93
36,177
36,176
36,175
36,94
36,174
36,92
0,457
36,173
36,172
36,171
36,91
36,170
0,456
36,169
36,168
36,53
36,90
36,167
36,27
36,166
0,455
36,165
36,164
36,89
36,163
36,162
0,454
36,161
36,88
36,160
36,159
36,158
36,87
36,157
0,453
36,156
36,155
36,154
36,153
36,152
36,86
36,151
0,452
36,150
36,149
36,85
36,148
36,147
0,451
36,146
36,145
36,83
36,144
36,143
36,142
0,450
36,79
36,141
36,140
36,139
36,73
36,138
0,449
36,137
36,136
36,72
36,135
36,134
0,448
36,133
36,132
36,70
36,131
36,130
0,447
36,129
36,65
36,128
36,69
36,67
0,446
36,58
36,64
36,63
36,62
36,60
36,50
36,57
0,445
36,54
36,52
36,42
36,49
36,48
0,444
36,46
36,44
36,37
36,40
36,39
0,443
36,38
36,30
36,36
36,33
36,32
0,442
36,31
36,22
36,29
36,28
36,24
36,18
36,21
0,441
36,20
36,19
36,13
36,17
36,14
0,440
36,12
36,4
36,11
36,5
36,8
36,7
36,6
2,7
36,3
36,2
36,1
36,0
35,27
35,26
35,25
35,24
35,23
35,4
35,22
35,21
35,20
35,19
35,18
35,17
35,16
35,15
35,14
35,13
35,12
35,11
35,10
35,9
35,8
35,7
35,6
35,5
35,3
35,2
35,1
35,0
34,4
34,3
34,2
34,1
34,0
33,6
33,5
33,4
33,3
33,2
33,1
33,0
32,4
32,3
32,2
32,1
32,0
31,8
31,7
31,6
31,5
31,4
31,3
31,2
0,439
0,438
31,1
31,0
30,5
30,4
30,3
30,2
30,1
30,0
29,3
29,2
29,1
29,0
14,67
14,66
28,4
28,3
28,2
28,1
28,0
27,6
27,5
27,4
27,3
27,2
27,1
27,0
26,3
26,2
26,1
26,0
2,6
25,7
25,6
25,5
25,4
25,3
25,2
25,1
25,0
24,5
24,4
24,3
24,2
24,1
24,0
23,5
23,4
23,3
23,2
23,1
23,0
22,5
22,4
22,3
22,2
22,1
22,0
21,3
21,2
21,1
21,0
20,3
20,2
20,1
20,0
14,65
19,3
19,2
19,1
19,0
18,4
18,3
18,2
18,1
18,0
14,25
14,24
14,23
14,22
14,21
14,20
14,19
14,18
14,17
14,16
14,15
14,14
14,13
14,12
14,11
14,10
14,9
14,8
14,7
14,6
14,5
14,4
14,3
14,2
14,1
14,0
13,4
13,3
13,2
13,1
13,0
12,8
12,7
12,6
12,5
12,4
12,3
12,2
12,1
12,0
11,5
11,4
11,3
11,2
11,1
11,0
10,4
10,3
10,2
10,1
10,0
9,5
9,4
9,3
9,2
9,1
9,0
8,5
8,4
8,3
8,2
8,1
8,0
7,5
7,4
7,3
7,2
7,1
7,0
6,5
6,4
6,3
6,2
6,1
6,0
5,6
5,5
5,4
5,3
5,2
5,1
5,0
4,3
4,2
4,1
4,0
3,6
3,5
3,4
3,3
3,2
3,1
3,0
2,5
2,4
2,3
2,2
2,1
2,0
1,3
1,2
1,1
1,0
0,408
0,322
0,243
0,9
0,310
0,305
0,308
0,304
0,303
0,302
0,307
0,12
0,10
0,8
0,0
0,433
0,300
0,432
0,299
0,431
0,298
0,430
0,297
0,429
0,296
0,428
0,295
0,427
0,294
0,426
0,293
0,425
0,292
0,424
0,291
0,423
0,290
0,422
0,289
0,421
0,288
0,420
0,287
0,419
0,286
0,418
0,285
0,417
0,284
0,416
0,283
0,415
0,282
0,414
0,281
0,413
0,280
0,412
0,279
0,411
0,278
0,410
0,277
0,409
0,276
0,407
0,275
0,406
0,274
0,405
14,26
14,27
14,29
14,30
14,32
14,33
14,35
14,64
15,0
15,2
15,3
15,5
16,1
16,2
16,4
16,5
16,7
17,0
17,2
17,3
17,1
16,6
16,3
16,0
15,4
15,1
14,36
14,34
14,31
14,28
0,273
0,404
0,272
0,403
0,271
0,402
0,270
0,401
0,269
0,400
0,268
0,399
0,267
0,398
0,266
0,397
0,265
0,396
0,264
0,395
0,263
0,394
0,262
0,393
0,261
0,392
0,260
0,391
0,259
0,390
0,258
0,389
0,257
0,388
0,256
0,387
0,255
0,386
0,254
0,385
0,253
0,384
0,252
0,383
0,251
0,382
0,250
0,381
0,249
0,380
0,248
0,379
0,247
0,378
0,246
0,377
0,245
0,376
0,244
0,375
0,242
0,374
0,241
0,373
0,240
0,372
0,239
0,371
0,238
0,370
0,237
0,369
0,236
0,368
0,235
0,367
0,234
0,366
0,233
0,365
0,232
0,364
0,231
0,363
0,230
0,362
0,229
0,361
0,228
0,360
0,227
0,359
0,226
0,358
0,225
0,357
0,224
0,356
0,223
0,355
0,222
0,354
0,221
0,353
0,220
0,352
0,219
0,351
0,218
0,436
0,217
0,435
0,216
0,434
0,215
0,350
0,214
0,349
0,213
0,348
0,212
0,437
0,211
0,347
0,210
0,346
0,209
0,345
0,208
0,344
0,207
0,343
0,206
0,342
0,205
0,341
0,204
0,340
0,203
0,339
0,202
0,338
0,201
0,337
0,200
0,336
0,199
0,335
0,198
0,334
0,197
0,333
0,196
0,332
0,195
0,331
0,194
0,330
0,193
0,329
0,192
0,328
0,63
0,327
0,62
0,326
0,61
0,325
0,60
0,324
0,59
0,323
0,58
0,321
0,57
0,320
0,56
0,319
0,55
0,318
0,54
0,317
0,53
0,316
0,52
0,315
0,51
0,314
0,50
0,313
0,49
0,312
0,48
0,311
0,47
0,309
0,46
0,306
0,45
0,301
0,6
0,5
0,1
0,11
0,4
0,2
0,3
0,7
